#         t          x          y          z         vx         vy         vz
      0.000    -98.600   -119.990   -127.780    -28.430    173.920     93.230
      0.010    -98.881   -118.247   -126.844    -27.743    174.749     94.036
      0.020    -99.155   -116.495   -125.899    -27.040    175.582     94.851
      0.030    -99.422   -114.735   -124.947    -26.321    176.419     95.675
      0.040    -99.681   -112.967   -123.986    -25.586    177.259     96.509
      0.050    -99.933   -111.190   -123.016    -24.835    178.103     97.353
      0.060   -100.178   -109.405   -122.039    -24.067    178.950     98.207
      0.070   -100.414   -107.611   -121.052    -23.281    179.801     99.071
      0.080   -100.643   -105.808   -120.057    -22.477    180.654     99.946
      0.090   -100.864   -103.998   -119.053    -21.654    181.510    100.831
      0.100   -101.076   -102.178   -118.040    -20.812    182.370    101.726
      0.110   -101.280   -100.350   -117.019    -19.951    183.232    102.633
      0.120   -101.475    -98.514   -115.988    -19.070    184.096    103.550
      0.130   -101.661    -96.668   -114.948    -18.167    184.963    104.479
      0.140   -101.838    -94.814   -113.898    -17.244    185.832    105.419
      0.150   -102.006    -92.952   -112.839    -16.298    186.703    106.370
      0.160   -102.164    -91.080   -111.771    -15.330    187.576    107.334
      0.170   -102.313    -89.200   -110.692    -14.338    188.450    108.309
      0.180   -102.451    -87.311   -109.604    -13.323    189.326    109.296
      0.190   -102.579    -85.414   -108.506    -12.283    190.202    110.296
      0.200   -102.696    -83.507   -107.398    -11.217    191.079    111.308
      0.210   -102.803    -81.592   -106.280    -10.125    191.956    112.333
      0.220   -102.899    -79.668   -105.152     -9.006    192.833    113.370
      0.230   -102.983    -77.735   -104.013     -7.860    193.710    114.421
      0.240   -103.056    -75.794   -102.863     -6.684    194.586    115.485
      0.250   -103.117    -73.844   -101.703     -5.480    195.460    116.561
      0.260   -103.165    -71.885   -100.532     -4.245    196.332    117.652
      0.270   -103.201    -69.917    -99.350     -2.978    197.203    118.756
      0.280   -103.225    -67.941    -98.157     -1.680    198.070    119.873
      0.290   -103.235    -65.956    -96.952     -0.348    198.933    121.005
      0.300   -103.231    -63.962    -95.737      1.017    199.793    122.151
      0.310   -103.214    -61.960    -94.509      2.418    200.647    123.310
      0.320   -103.183    -59.949    -93.270      3.856    201.496    124.484
      0.330   -103.137    -57.930    -92.019      5.330    202.339    125.673
      0.340   -103.076    -55.902    -90.757      6.843    203.174    126.875
      0.350   -103.000    -53.866    -89.482      8.396    204.001    128.093
      0.360   -102.908    -51.822    -88.195      9.990    204.819    129.324
      0.370   -102.800    -49.770    -86.895     11.625    205.627    130.570
      0.380   -102.675    -47.710    -85.583     13.304    206.423    131.831
      0.390   -102.534    -45.642    -84.259     15.027    207.207    133.106
      0.400   -102.375    -43.566    -82.921     16.796    207.977    134.395
      0.410   -102.197    -41.482    -81.571     18.612    208.732    135.699
      0.420   -102.002    -39.391    -80.207     20.476    209.470    137.017
      0.430   -101.788    -37.293    -78.830     22.390    210.190    138.349
      0.440   -101.554    -35.188    -77.440     24.355    210.891    139.694
      0.450   -101.300    -33.075    -76.036     26.372    211.570    141.053
      0.460   -101.026    -30.956    -74.619     28.444    212.225    142.426
      0.470   -100.731    -28.831    -73.188     30.570    212.856    143.810
      0.480   -100.415    -26.699    -71.743     32.753    213.458    145.208
      0.490   -100.076    -24.562    -70.284     34.994    214.031    146.617
      0.500    -99.714    -22.419    -68.810     37.295    214.572    148.037
      0.510    -99.330    -20.271    -67.323     39.656    215.078    149.467
      0.520    -98.921    -18.117    -65.821     42.078    215.548    150.908
      0.530    -98.488    -15.960    -64.305     44.564    215.977    152.357
      0.540    -98.029    -13.798    -62.774     47.114    216.363    153.814
      0.550    -97.545    -11.633    -61.228     49.729    216.703    155.278
      0.560    -97.034     -9.464    -59.668     52.411    216.994    156.747
      0.570    -96.497     -7.293    -58.093     55.160    217.232    158.221
      0.580    -95.931     -5.120    -56.504     57.976    217.413    159.698
      0.590    -95.337     -2.945    -54.899     60.862    217.535    161.175
      0.600    -94.713     -0.770    -53.280     63.816    217.593    162.653
      0.610    -94.060      1.406    -51.646     66.840    217.583    164.127
      0.620    -93.376      3.582    -49.998     69.932    217.500    165.598
      0.630    -92.661      5.756    -48.334     73.094    217.342    167.061
      0.640    -91.914      7.928    -46.656     76.325    217.102    168.515
      0.650    -91.134     10.097    -44.964     79.623    216.777    169.958
      0.660    -90.321     12.263    -43.257     82.988    216.363    171.386
      0.670    -89.474     14.424    -41.536     86.419    215.853    172.796
      0.680    -88.593     16.580    -39.802     89.912    215.245    174.186
      0.690    -87.676     18.729    -38.053     93.467    214.533    175.551
      0.700    -86.723     20.870    -36.291     97.080    213.713    176.889
      0.710    -85.734     23.002    -34.515    100.748    212.780    178.196
      0.720    -84.708     25.125    -32.727    104.467    211.730    179.468
      0.730    -83.644     27.236    -30.926    108.233    210.558    180.701
      0.740    -82.543     29.335    -29.113    112.041    209.262    181.891
      0.750    -81.403     31.421    -27.288    115.885    207.837    183.035
      0.760    -80.225     33.492    -25.453    119.761    206.281    184.127
      0.770    -79.008     35.546    -23.606    123.661    204.590    185.163
      0.780    -77.752     37.583    -21.750    127.578    202.763    186.140
      0.790    -76.456     39.600    -19.884    131.504    200.797    187.054
      0.800    -75.122     41.598    -18.009    135.432    198.693    187.900
      0.810    -73.748     43.574    -16.126    139.354    196.449    188.674
      0.820    -72.335     45.526    -14.236    143.260    194.067    189.373
      0.830    -70.883     47.454    -12.339    147.141    191.547    189.994
      0.840    -69.392     49.356    -10.436    150.988    188.892    190.532
      0.850    -67.863     51.231     -8.529    154.791    186.105    190.987
      0.860    -66.296     53.078     -6.617    158.542    183.189    191.354
      0.870    -64.693     54.895     -4.702    162.229    180.149    191.632
      0.880    -63.052     56.680     -2.785    165.845    176.991    191.820
      0.890    -61.376     58.434     -0.866    169.380    173.721    191.916
      0.900    -59.665     60.154      1.053    172.824    170.347    191.910
      0.910    -57.920     61.840      2.971    176.167    166.879    191.806
      0.920    -56.142     63.491      4.889    179.401    163.325    191.609
      0.930    -54.333     65.106      6.803    182.519    159.696    191.321
      0.940    -52.492     66.685      8.715    185.515    155.999    190.943
      0.950    -50.623     68.226     10.622    188.384    152.245    190.478
      0.960    -48.725     69.730     12.524    191.123    148.443    189.928
      0.970    -46.801     71.195     14.420    193.726    144.601    189.296
      0.980    -44.852     72.621     16.309    196.193    140.731    188.584
      0.990    -42.878     74.009     18.191    198.521    136.840    187.796
      1.000    -40.882     75.358     20.065    200.709    132.939    186.935
      1.010    -38.865     76.668     21.929    202.757    129.034    186.006
      1.020    -36.827     77.939     23.785    204.666    125.135    185.013
      1.030    -34.772     79.171     25.629    206.436    121.250    183.959
      1.040    -32.699     80.364     27.463    208.071    117.385    182.849
      1.050    -30.611     81.519     29.286    209.572    113.547    181.687
      1.060    -28.509     82.635     31.097    210.942    109.743    180.477
      1.070    -26.393     83.714     32.895    212.184    105.979    179.223
      1.080    -24.266     84.755     34.681    213.303    102.258    177.930
      1.090    -22.128     85.759     36.454    214.302     98.586    176.601
      1.100    -19.980     86.727     38.213    215.185     94.967    175.240
      1.110    -17.824     87.659     39.959    215.958     91.405    173.852
      1.120    -15.661     88.555     41.690    216.623     87.902    172.439
      1.130    -13.492     89.417     43.407    217.187     84.460    171.005
      1.140    -11.318     90.245     45.110    217.654     81.083    169.554
      1.150     -9.140     91.039     46.798    218.027     77.771    168.087
      1.160     -6.958     91.801     48.472    218.313     74.526    166.609
      1.170     -4.774     92.530     50.130    218.515     71.348    165.121
      1.180     -2.588     93.228     51.774    218.639     68.240    163.627
      1.190     -0.402     93.895     53.403    218.687     65.200    162.128
      1.200      1.785     94.532     55.017    218.665     62.229    160.627
      1.210      3.971     95.140     56.615    218.577     59.326    159.126
      1.220      6.156     95.719     58.199    218.427     56.493    157.626
      1.230      8.340     96.270     59.768    218.218     53.727    156.129
      1.240     10.521     96.794     61.322    217.954     51.028    154.637
      1.250     12.699     97.291     62.861    217.639     48.396    153.150
      1.260     14.873     97.762     64.385    217.277     45.829    151.671
      1.270     17.044     98.208     65.894    216.869     43.326    150.200
      1.280     19.210     98.629     67.389    216.420     40.887    148.739
      1.290     21.372     99.026     68.869    215.932     38.510    147.287
      1.300     23.529     99.400     70.335    215.408     36.193    145.847
      1.310     25.680     99.750     71.786    214.850     33.937    144.418
      1.320     27.826    100.079     73.223    214.261     31.738    143.001
      1.330     29.965    100.385     74.646    213.644     29.596    141.597
      1.340     32.098    100.671     76.055    213.000     27.510    140.206
      1.350     34.225    100.936     77.450    212.331     25.478    138.829
      1.360     36.345    101.181     78.832    211.640     23.499    137.466
      1.370     38.458    101.406     80.200    210.929     21.572    136.118
      1.380     40.563    101.612     81.554    210.198     19.694    134.783
      1.390     42.662    101.800     82.895    209.450     17.865    133.463
      1.400     44.752    101.970     84.223    208.685     16.084    132.158
      1.410     46.835    102.122     85.539    207.907     14.348    130.868
      1.420     48.910    102.257     86.841    207.115     12.658    129.593
      1.430     50.977    102.375     88.131    206.311     11.011    128.333
      1.440     53.036    102.477     89.408    205.496      9.406    127.087
      1.450     55.087    102.564     90.672    204.672      7.843    125.857
      1.460     57.130    102.635     91.925    203.838      6.319    124.641
      1.470     59.164    102.690     93.165    202.997      4.835    123.441
      1.480     61.190    102.731     94.394    202.150      3.388    122.255
      1.490     63.207    102.758     95.610    201.296      1.977    121.083
      1.500     65.216    102.771     96.815    200.437      0.602    119.927
      1.510     67.216    102.770     98.009    199.573     -0.738    118.784
      1.520     69.207    102.757     99.191    198.705     -2.046    117.656
      1.530     71.190    102.730    100.362    197.834     -3.320    116.542
      1.540     73.164    102.690    101.522    196.961     -4.563    115.442
      1.550     75.129    102.639    102.671    196.085     -5.776    114.356
      1.560     77.085    102.575    103.809    195.208     -6.958    113.284
      1.570     79.033    102.500    104.937    194.329     -8.112    112.225
      1.580     80.972    102.413    106.054    193.450     -9.238    111.179
      1.590     82.902    102.315    107.161    192.571    -10.337    110.146
      1.600     84.823    102.206    108.257    191.691    -11.409    109.126
      1.610     86.736    102.087    109.343    190.812    -12.456    108.120
      1.620     88.640    101.957    110.419    189.934    -13.478    107.125
      1.630     90.535    101.817    111.486    189.057    -14.476    106.143
      1.640     92.421    101.668    112.542    188.181    -15.450    105.173
      1.650     94.298    101.509    113.589    187.307    -16.401    104.216
      1.660     96.167    101.340    114.627    186.434    -17.330    103.270
      1.670     98.027    101.162    115.655    185.564    -18.238    102.335
      1.680     99.878    100.975    116.673    184.696    -19.125    101.412
      1.690    101.721    100.780    117.683    183.830    -19.991    100.501
      1.700    103.555    100.576    118.683    182.967    -20.837     99.600
      1.710    105.380    100.363    119.675    182.107    -21.665     98.711
      1.720    107.197    100.142    120.658    181.250    -22.473     97.832
      1.730    109.005     99.914    121.632    180.395    -23.264     96.963
      1.740    110.805     99.677    122.597    179.544    -24.037     96.105
      1.750    112.596     99.433    123.554    178.697    -24.792     95.257
      1.760    114.379     99.181    124.502    177.852    -25.531     94.420
      1.770    116.153     98.922    125.442    177.011    -26.254     93.592
      1.780    117.919     98.656    126.374    176.174    -26.960     92.773
      1.790    119.677     98.383    127.298    175.341    -27.652     91.965
      1.800    121.426     98.103    128.213    174.511    -28.328     91.165
      1.810    123.167     97.817    129.121    173.685    -28.989     90.375
      1.820    124.900     97.524    130.021    172.863    -29.637     89.594
      1.830    126.624     97.224    130.913    172.044    -30.270     88.822
      1.840    128.341     96.918    131.798    171.230    -30.890     88.058
      1.850    130.049     96.606    132.674    170.420    -31.497     87.303
      1.860    131.749     96.288    133.544    169.613    -32.092     86.557
      1.870    133.441     95.965    134.405    168.811    -32.673     85.819
      1.880    135.125     95.635    135.260    168.013    -33.243     85.089
      1.890    136.801     95.300    136.107    167.219    -33.800     84.367
      1.900    138.470     94.959    136.947    166.429    -34.346     83.652
      1.910    140.130     94.613    137.780    165.643    -34.881     82.946
      1.920    141.783     94.262    138.606    164.861    -35.405     82.247
      1.930    143.427     93.905    139.425    164.083    -35.918     81.556
      1.940    145.064     93.543    140.238    163.310    -36.420     80.872
      1.950    146.693     93.177    141.043    162.541    -36.913     80.196
      1.960    148.315     92.805    141.841    161.775    -37.395     79.526
      1.970    149.929     92.429    142.633    161.014    -37.868     78.863
      1.980    151.535     92.048    143.419    160.257    -38.331     78.208
      1.990    153.134     91.662    144.198    159.505    -38.785     77.559
      2.000    154.725     91.272    144.970    158.756    -39.230     76.917
      2.010    156.309     90.878    145.736    158.011    -39.666     76.281
      2.020    157.886     90.479    146.496    157.271    -40.093     75.652
      2.030    159.455     90.076    147.249    156.534    -40.512     75.029
      2.040    161.016     89.669    147.996    155.802    -40.923     74.412
      2.050    162.571     89.257    148.737    155.073    -41.326     73.801
      2.060    164.118     88.842    149.472    154.349    -41.721     73.197
      2.070    165.658     88.423    150.201    153.629    -42.108     72.598
      2.080    167.190     88.000    150.924    152.912    -42.488     72.005
      2.090    168.716     87.573    151.641    152.200    -42.860     71.418
      2.100    170.234     87.143    152.353    151.491    -43.226     70.837
      2.110    171.746     86.709    153.058    150.786    -43.584     70.261
      2.120    173.250     86.271    153.758    150.086    -43.935     69.691
      2.130    174.748     85.830    154.452    149.389    -44.280     69.126
      2.140    176.238     85.386    155.140    148.695    -44.618     68.566
      2.150    177.722     84.938    155.823    148.006    -44.950     68.012
      2.160    179.198     84.487    156.501    147.321    -45.275     67.462
      2.170    180.668     84.032    157.173    146.639    -45.594     66.918
      2.180    182.131     83.575    157.839    145.961    -45.908     66.379
      2.190    183.587     83.114    158.500    145.286    -46.215     65.844
      2.200    185.037     82.651    159.156    144.616    -46.517     65.315
      2.210    186.480     82.184    159.807    143.949    -46.812     64.790
      2.220    187.916     81.714    160.452    143.285    -47.103     64.270
      2.230    189.345     81.242    161.092    142.625    -47.388     63.754
      2.240    190.768     80.767    161.727    141.969    -47.668     63.243
      2.250    192.185     80.289    162.357    141.316    -47.942     62.737
      2.260    193.595     79.808    162.982    140.667    -48.212     62.234
      2.270    194.998     79.324    163.602    140.021    -48.476     61.737
      2.280    196.395     78.838    164.216    139.379    -48.736     61.243
      2.290    197.786     78.350    164.826    138.739    -48.991     60.754
      2.300    199.170     77.858    165.432    138.104    -49.241     60.269
      2.310    200.548     77.365    166.032    137.472    -49.486     59.787
      2.320    201.919     76.869    166.627    136.843    -49.727     59.310
      2.330    203.285     76.370    167.218    136.217    -49.964     58.837
      2.340    204.644     75.870    167.804    135.595    -50.196     58.368
      2.350    205.996     75.366    168.385    134.975    -50.424     57.903
      2.360    207.343     74.861    168.962    134.359    -50.648     57.441
      2.370    208.684     74.353    169.534    133.747    -50.868     56.983
      2.380    210.018     73.844    170.102    133.137    -51.084     56.529
      2.390    211.346     73.332    170.665    132.531    -51.295     56.079
      2.400    212.669     72.818    171.223    131.927    -51.503     55.632
      2.410    213.985     72.302    171.778    131.327    -51.708     55.188
      2.420    215.295     71.784    172.327    130.730    -51.908     54.748
      2.430    216.600     71.264    172.873    130.135    -52.105     54.312
      2.440    217.898     70.742    173.413    129.544    -52.298     53.879
      2.450    219.190     70.218    173.950    128.956    -52.488     53.449
      2.460    220.477     69.692    174.482    128.370    -52.674     53.023
      2.470    221.758     69.164    175.011    127.788    -52.857     52.599
      2.480    223.033     68.635    175.534    127.208    -53.037     52.180
      2.490    224.302     68.104    176.054    126.631    -53.213     51.763
      2.500    225.566     67.571    176.570    126.057    -53.386     51.349
      2.510    226.823     67.036    177.081    125.486    -53.556     50.938
      2.520    228.075     66.499    177.589    124.918    -53.723     50.531
      2.530    229.322     65.961    178.092    124.352    -53.887     50.126
      2.540    230.562     65.422    178.591    123.789    -54.048     49.725
      2.550    231.797     64.880    179.086    123.229    -54.205     49.326
      2.560    233.027     64.338    179.578    122.671    -54.360     48.930
      2.570    234.251     63.793    180.065    122.116    -54.513     48.537
      2.580    235.469     63.247    180.548    121.564    -54.662     48.147
      2.590    236.682     62.700    181.028    121.014    -54.809     47.760
      2.600    237.890     62.151    181.504    120.467    -54.953     47.375
      2.610    239.091     61.601    181.975    119.923    -55.094     46.993
      2.620    240.288     61.049    182.443    119.381    -55.233     46.614
      2.630    241.479     60.496    182.908    118.841    -55.369     46.237
      2.640    242.665     59.942    183.368    118.304    -55.502     45.863
      2.650    243.845     59.386    183.825    117.770    -55.633     45.491
      2.660    245.020     58.829    184.278    117.237    -55.762     45.122
      2.670    246.190     58.271    184.727    116.708    -55.888     44.756
      2.680    247.354     57.712    185.173    116.180    -56.012     44.392
      2.690    248.514     57.151    185.615    115.655    -56.134     44.030
      2.700    249.668     56.589    186.054    115.133    -56.253     43.671
      2.710    250.816     56.026    186.489    114.612    -56.370     43.314
      2.720    251.960     55.461    186.920    114.094    -56.485     42.960
      2.730    253.098     54.896    187.348    113.579    -56.598     42.608
      2.740    254.231     54.330    187.772    113.065    -56.708     42.258
      2.750    255.359     53.762    188.193    112.554    -56.817     41.911
      2.760    256.482     53.193    188.610    112.045    -56.923     41.565
      2.770    257.600     52.623    189.024    111.538    -57.028     41.222
      2.780    258.713     52.053    189.435    111.033    -57.130     40.881
      2.790    259.821     51.481    189.842    110.531    -57.230     40.542
      2.800    260.924     50.908    190.246    110.030    -57.329     40.206
      2.810    262.022     50.334    190.646    109.532    -57.425     39.871
      2.820    263.115     49.760    191.043    109.036    -57.520     39.539
      2.830    264.202     49.184    191.437    108.542    -57.612     39.208
      2.840    265.285     48.607    191.827    108.050    -57.703     38.880
      2.850    266.363     48.030    192.215    107.560    -57.792     38.554
      2.860    267.437     47.452    192.598    107.072    -57.880     38.229
      2.870    268.505     46.872    192.979    106.586    -57.965     37.907
      2.880    269.568     46.292    193.357    106.102    -58.049     37.586
      2.890    270.627     45.711    193.731    105.620    -58.131     37.268
      2.900    271.681     45.130    194.102    105.140    -58.211     36.951
      2.910    272.730     44.547    194.470    104.662    -58.290     36.637
      2.920    273.774     43.964    194.835    104.186    -58.367     36.324
      2.930    274.813     43.380    195.196    103.712    -58.443     36.013
      2.940    275.848     42.795    195.555    103.239    -58.517     35.703
      2.950    276.878     42.209    195.911    102.769    -58.589     35.396
      2.960    277.904     41.623    196.263    102.300    -58.660     35.090
      2.970    278.924     41.036    196.612    101.833    -58.729     34.786
      2.980    279.940     40.449    196.959    101.368    -58.797     34.484
      2.990    280.952     39.860    197.302    100.905    -58.863     34.183
      3.000    281.958     39.271    197.642    100.443    -58.928     33.885
      3.010    282.961     38.682    197.980     99.984    -58.992     33.588
      3.020    283.958     38.092    198.314     99.526    -59.054     33.292
      3.030    284.951     37.501    198.646     99.070    -59.114     32.998
      3.040    285.939     36.909    198.974     98.615    -59.173     32.706
      3.050    286.923     36.317    199.300     98.162    -59.231     32.415
      3.060    287.903     35.725    199.622     97.711    -59.288     32.126
      3.070    288.878     35.132    199.942     97.262    -59.343     31.839
      3.080    289.848     34.538    200.259     96.814    -59.397     31.553
      3.090    290.814     33.944    200.573     96.368    -59.450     31.269
      3.100    291.775     33.349    200.885     95.924    -59.501     30.986
      3.110    292.732     32.754    201.193     95.481    -59.551     30.705
      3.120    293.685     32.158    201.499     95.039    -59.600     30.425
      3.130    294.633     31.562    201.802     94.600    -59.647     30.146
      3.140    295.577     30.965    202.102     94.162    -59.694     29.870
      3.150    296.516     30.368    202.399     93.725    -59.739     29.594
      3.160    297.451     29.770    202.693     93.290    -59.783     29.320
      3.170    298.382     29.172    202.985     92.857    -59.826     29.047
      3.180    299.309     28.574    203.274     92.425    -59.868     28.776
      3.190    300.231     27.975    203.561     91.994    -59.908     28.506
      3.200    301.149     27.375    203.845     91.566    -59.948     28.238
      3.210    302.062     26.776    204.126     91.138    -59.986     27.971
      3.220    302.971     26.176    204.404     90.712    -60.023     27.705
      3.230    303.876     25.575    204.680     90.288    -60.060     27.441
      3.240    304.777     24.975    204.953     89.865    -60.095     27.178
      3.250    305.674     24.373    205.223     89.443    -60.129     26.916
      3.260    306.566     23.772    205.491     89.023    -60.162     26.655
      3.270    307.454     23.170    205.756     88.604    -60.194     26.396
      3.280    308.338     22.568    206.019     88.187    -60.225     26.138
      3.290    309.218     21.966    206.279     87.771    -60.255     25.881
      3.300    310.093     21.363    206.537     87.356    -60.284     25.626
      3.310    310.965     20.760    206.792     86.943    -60.312     25.372
      3.320    311.832     20.157    207.044     86.531    -60.339     25.119
      3.330    312.696     19.553    207.294     86.120    -60.365     24.867
      3.340    313.555     18.949    207.542     85.711    -60.390     24.616
      3.350    314.410     18.345    207.786     85.303    -60.415     24.367
      3.360    315.261     17.741    208.029     84.896    -60.438     24.119
      3.370    316.108     17.137    208.269     84.491    -60.460     23.872
      3.380    316.951     16.532    208.506     84.087    -60.482     23.626
      3.390    317.789     15.927    208.741     83.684    -60.502     23.381
      3.400    318.624     15.322    208.974     83.282    -60.522     23.137
      3.410    319.455     14.717    209.204     82.882    -60.541     22.894
      3.420    320.282     14.111    209.432     82.483    -60.559     22.653
      3.430    321.105     13.505    209.657     82.085    -60.576     22.413
      3.440    321.924     12.900    209.880     81.689    -60.592     22.173
      3.450    322.739     12.294    210.101     81.293    -60.608     21.935
      3.460    323.549     11.687    210.319     80.899    -60.622     21.698
      3.470    324.356     11.081    210.535     80.506    -60.636     21.462
      3.480    325.160     10.475    210.748     80.114    -60.649     21.227
      3.490    325.959      9.868    210.959     79.724    -60.661     20.993
      3.500    326.754      9.261    211.168     79.334    -60.673     20.760
      3.510    327.545      8.655    211.374     78.946    -60.683     20.528
      3.520    328.333      8.048    211.578     78.559    -60.693     20.297
      3.530    329.117      7.441    211.780     78.172    -60.702     20.067
      3.540    329.896      6.834    211.980     77.788    -60.711     19.838
      3.550    330.672      6.227    212.177     77.404    -60.718     19.610
      3.560    331.445      5.619    212.372     77.021    -60.725     19.383
      3.570    332.213      5.012    212.565     76.639    -60.731     19.157
      3.580    332.977      4.405    212.755     76.259    -60.737     18.932
      3.590    333.738      3.797    212.943     75.879    -60.741     18.707
      3.600    334.495      3.190    213.129     75.501    -60.745     18.484
      3.610    335.248      2.583    213.313     75.124    -60.749     18.262
      3.620    335.997      1.975    213.495     74.747    -60.751     18.040
      3.630    336.743      1.367    213.674     74.372    -60.753     17.820
      3.640    337.485      0.760    213.851     73.998    -60.754     17.600
      3.650    338.223      0.152    214.026     73.625    -60.755     17.382
      3.660    338.957     -0.455    214.199     73.253    -60.754     17.164
      3.670    339.688     -1.063    214.369     72.881    -60.754     16.947
      3.680    340.415     -1.670    214.537     72.511    -60.752     16.731
      3.690    341.138     -2.278    214.704     72.142    -60.750     16.516
      3.700    341.858     -2.885    214.868     71.774    -60.747     16.301
      3.710    342.574     -3.493    215.030     71.407    -60.744     16.088
      3.720    343.286     -4.100    215.190     71.041    -60.740     15.875
      3.730    343.995     -4.707    215.347     70.675    -60.735     15.663
      3.740    344.699     -5.315    215.503     70.311    -60.730     15.452
      3.750    345.401     -5.922    215.656     69.948    -60.724     15.242
      3.760    346.098     -6.529    215.808     69.585    -60.717     15.033
      3.770    346.792     -7.136    215.957     69.224    -60.710     14.824
      3.780    347.483     -7.743    216.104     68.863    -60.702     14.617
      3.790    348.170     -8.350    216.249     68.504    -60.694     14.410
      3.800    348.853     -8.957    216.392     68.145    -60.685     14.204
      3.810    349.533     -9.564    216.533     67.787    -60.676     13.998
      3.820    350.209    -10.171    216.672     67.430    -60.666     13.794
      3.830    350.881    -10.777    216.809     67.074    -60.655     13.590
      3.840    351.550    -11.384    216.944     66.719    -60.644     13.387
      3.850    352.216    -11.990    217.077     66.365    -60.632     13.184
      3.860    352.878    -12.597    217.208     66.011    -60.620     12.983
      3.870    353.536    -13.203    217.337     65.659    -60.607     12.782
      3.880    354.191    -13.809    217.463     65.307    -60.593     12.582
      3.890    354.842    -14.415    217.588     64.956    -60.579     12.383
      3.900    355.490    -15.020    217.711     64.606    -60.565     12.184
      3.910    356.134    -15.626    217.832     64.257    -60.550     11.986
      3.920    356.775    -16.231    217.951     63.909    -60.534     11.789
      3.930    357.412    -16.837    218.068     63.561    -60.518     11.592
      3.940    358.046    -17.442    218.183     63.214    -60.502     11.397
      3.950    358.677    -18.047    218.296     62.868    -60.485     11.201
      3.960    359.304    -18.651    218.407     62.523    -60.467     11.007
      3.970    359.927    -19.256    218.516     62.179    -60.449     10.813
      3.980    360.547    -19.860    218.623     61.836    -60.430     10.620
      3.990    361.164    -20.465    218.728     61.493    -60.411     10.428
      4.000    361.777    -21.069    218.832     61.151    -60.391     10.236
      4.010    362.387    -21.672    218.933     60.810    -60.371     10.045
      4.020    362.993    -22.276    219.032     60.469    -60.351      9.855
      4.030    363.596    -22.879    219.130     60.130    -60.329      9.665
      4.040    364.196    -23.483    219.226     59.791    -60.308      9.476
      4.050    364.792    -24.086    219.320     59.453    -60.286      9.287
      4.060    365.385    -24.688    219.412     59.115    -60.263      9.100
      4.070    365.974    -25.291    219.502     58.779    -60.240      8.912
      4.080    366.560    -25.893    219.590     58.443    -60.217      8.726
      4.090    367.143    -26.495    219.676     58.107    -60.193      8.540
      4.100    367.723    -27.097    219.761     57.773    -60.168      8.354
      4.110    368.299    -27.698    219.843     57.439    -60.144      8.170
      4.120    368.871    -28.300    219.924     57.106    -60.118      7.986
      4.130    369.441    -28.901    220.003     56.774    -60.093      7.802
      4.140    370.007    -29.502    220.080     56.442    -60.066      7.619
      4.150    370.570    -30.102    220.155     56.111    -60.040      7.437
      4.160    371.129    -30.702    220.229     55.781    -60.013      7.255
      4.170    371.685    -31.302    220.300     55.451    -59.985      7.074
      4.180    372.238    -31.902    220.370     55.122    -59.957      6.893
      4.190    372.788    -32.502    220.438     54.794    -59.929      6.713
      4.200    373.334    -33.101    220.505     54.466    -59.900      6.534
      4.210    373.877    -33.700    220.569     54.139    -59.871      6.355
      4.220    374.417    -34.298    220.632     53.813    -59.841      6.177
      4.230    374.953    -34.896    220.693     53.487    -59.811      5.999
      4.240    375.487    -35.494    220.752     53.162    -59.781      5.822
      4.250    376.017    -36.092    220.809     52.838    -59.750      5.645
      4.260    376.543    -36.689    220.865     52.514    -59.718      5.469
      4.270    377.067    -37.286    220.918     52.191    -59.687      5.294
      4.280    377.587    -37.883    220.970     51.869    -59.655      5.119
      4.290    378.104    -38.479    221.021     51.547    -59.622      4.944
      4.300    378.618    -39.075    221.069     51.226    -59.589      4.770
      4.310    379.129    -39.671    221.116     50.905    -59.556      4.597
      4.320    379.636    -40.267    221.161     50.585    -59.522      4.424
      4.330    380.140    -40.862    221.205     50.266    -59.488      4.251
      4.340    380.641    -41.456    221.246     49.947    -59.453      4.080
      4.350    381.139    -42.051    221.286     49.629    -59.419      3.908
      4.360    381.634    -42.645    221.324     49.311    -59.383      3.737
      4.370    382.126    -43.238    221.361     48.994    -59.348      3.567
      4.380    382.614    -43.832    221.396     48.677    -59.312      3.397
      4.390    383.099    -44.425    221.429     48.362    -59.275      3.228
      4.400    383.581    -45.017    221.460     48.046    -59.238      3.059
      4.410    384.060    -45.609    221.490     47.731    -59.201      2.890
      4.420    384.536    -46.201    221.518     47.417    -59.164      2.723
      4.430    385.008    -46.793    221.545     47.104    -59.126      2.555
      4.440    385.478    -47.384    221.569     46.790    -59.088      2.388
      4.450    385.944    -47.974    221.592     46.478    -59.049      2.222
      4.460    386.407    -48.565    221.614     46.166    -59.010      2.056
      4.470    386.868    -49.155    221.633     45.854    -58.971      1.890
      4.480    387.325    -49.744    221.651     45.543    -58.931      1.725
      4.490    387.778    -50.333    221.668     45.233    -58.891      1.560
      4.500    388.229    -50.922    221.683     44.923    -58.850      1.396
      4.510    388.677    -51.510    221.696     44.614    -58.810      1.233
      4.520    389.121    -52.098    221.707     44.305    -58.768      1.069
      4.530    389.563    -52.686    221.717     43.997    -58.727      0.907
      4.540    390.001    -53.273    221.725     43.689    -58.685      0.744
      4.550    390.437    -53.859    221.732     43.381    -58.643      0.582
      4.560    390.869    -54.445    221.737     43.075    -58.600      0.421
      4.570    391.298    -55.031    221.741     42.768    -58.557      0.260
      4.580    391.724    -55.617    221.742     42.462    -58.514      0.099
      4.590    392.147    -56.202    221.743     42.157    -58.471     -0.061
      4.600    392.568    -56.786    221.741     41.852    -58.427     -0.221
      4.610    392.985    -57.370    221.738     41.548    -58.383     -0.380
      4.620    393.398    -57.954    221.733     41.244    -58.338     -0.539
      4.630    393.809    -58.537    221.727     40.941    -58.293     -0.698
      4.640    394.217    -59.120    221.720     40.638    -58.248     -0.856
      4.650    394.622    -59.702    221.710     40.335    -58.202     -1.014
      4.660    395.024    -60.284    221.699     40.033    -58.156     -1.171
      4.670    395.423    -60.865    221.687     39.732    -58.110     -1.328
      4.680    395.819    -61.446    221.673     39.430    -58.064     -1.484
      4.690    396.211    -62.026    221.657     39.130    -58.017     -1.640
      4.700    396.601    -62.606    221.640     38.830    -57.970     -1.796
      4.710    396.988    -63.186    221.621     38.530    -57.922     -1.951
      4.720    397.372    -63.765    221.601     38.230    -57.874     -2.106
      4.730    397.753    -64.343    221.579     37.932    -57.826     -2.261
      4.740    398.130    -64.921    221.556     37.633    -57.778     -2.415
      4.750    398.505    -65.499    221.531     37.335    -57.729     -2.569
      4.760    398.877    -66.076    221.504     37.037    -57.680     -2.722
      4.770    399.246    -66.652    221.476     36.740    -57.630     -2.875
      4.780    399.612    -67.228    221.447     36.444    -57.581     -3.028
      4.790    399.975    -67.804    221.416     36.147    -57.530     -3.180
      4.800    400.335    -68.379    221.383     35.851    -57.480     -3.332
      4.810    400.692    -68.953    221.349     35.556    -57.429     -3.483
      4.820    401.046    -69.527    221.314     35.261    -57.378     -3.634
      4.830    401.397    -70.101    221.276     34.966    -57.327     -3.785
      4.840    401.745    -70.674    221.238     34.672    -57.276     -3.936
      4.850    402.091    -71.247    221.198     34.378    -57.224     -4.086
      4.860    402.433    -71.818    221.156     34.084    -57.172     -4.236
      4.870    402.772    -72.390    221.113     33.791    -57.119     -4.385
      4.880    403.109    -72.961    221.068     33.498    -57.066     -4.534
      4.890    403.442    -73.531    221.022     33.206    -57.013     -4.683
      4.900    403.773    -74.101    220.975     32.914    -56.960     -4.831
      4.910    404.101    -74.670    220.926     32.622    -56.906     -4.979
      4.920    404.425    -75.239    220.875     32.331    -56.852     -5.127
      4.930    404.747    -75.807    220.823     32.040    -56.798     -5.274
      4.940    405.066    -76.375    220.770     31.750    -56.743     -5.421
      4.950    405.382    -76.942    220.715     31.459    -56.688     -5.567
      4.960    405.695    -77.509    220.658     31.170    -56.633     -5.714
      4.970    406.006    -78.075    220.601     30.880    -56.578     -5.860
      4.980    406.313    -78.641    220.541     30.591    -56.522     -6.005
      4.990    406.617    -79.205    220.480     30.302    -56.466     -6.151
      5.000    406.919    -79.770    220.418     30.014    -56.409     -6.296
      5.010    407.218    -80.334    220.354     29.726    -56.353     -6.440
      5.020    407.513    -80.897    220.289     29.438    -56.296     -6.585
      5.030    407.806    -81.460    220.223     29.151    -56.239     -6.729
      5.040    408.097    -82.022    220.155     28.864    -56.181     -6.873
      5.050    408.384    -82.583    220.085     28.577    -56.123     -7.016
      5.060    408.668    -83.144    220.014     28.291    -56.065     -7.159
      5.070    408.950    -83.704    219.942     28.005    -56.007     -7.302
      5.080    409.228    -84.264    219.868     27.719    -55.948     -7.444
      5.090    409.504    -84.823    219.793     27.434    -55.889     -7.587
      5.100    409.777    -85.382    219.717     27.149    -55.830     -7.729
      5.110    410.047    -85.940    219.639     26.864    -55.770     -7.870
      5.120    410.314    -86.497    219.559     26.580    -55.711     -8.012
      5.130    410.578    -87.054    219.478     26.295    -55.651     -8.153
      5.140    410.840    -87.610    219.396     26.012    -55.590     -8.293
      5.150    411.099    -88.166    219.313     25.728    -55.530     -8.434
      5.160    411.355    -88.721    219.228     25.445    -55.469     -8.574
      5.170    411.608    -89.275    219.141     25.162    -55.408     -8.714
      5.180    411.858    -89.829    219.053     24.879    -55.346     -8.853
      5.190    412.105    -90.382    218.964     24.597    -55.284     -8.993
      5.200    412.350    -90.935    218.873     24.315    -55.222     -9.132
      5.210    412.592    -91.487    218.781     24.033    -55.160     -9.270
      5.220    412.830    -92.038    218.688     23.752    -55.097     -9.409
      5.230    413.067    -92.589    218.593     23.470    -55.035     -9.547
      5.240    413.300    -93.139    218.497     23.189    -54.971     -9.685
      5.250    413.530    -93.688    218.400     22.909    -54.908     -9.822
      5.260    413.758    -94.237    218.301     22.628    -54.844     -9.960
      5.270    413.983    -94.785    218.200     22.348    -54.780    -10.097
      5.280    414.205    -95.333    218.099     22.068    -54.716    -10.234
      5.290    414.424    -95.879    217.996     21.789    -54.652    -10.370
      5.300    414.641    -96.426    217.891     21.510    -54.587    -10.506
      5.310    414.854    -96.971    217.786     21.231    -54.522    -10.643
      5.320    415.065    -97.516    217.678     20.952    -54.456    -10.778
      5.330    415.273    -98.060    217.570     20.673    -54.391    -10.914
      5.340    415.479    -98.604    217.460     20.395    -54.325    -11.049
      5.350    415.681    -99.147    217.349     20.117    -54.259    -11.184
      5.360    415.881    -99.689    217.237     19.839    -54.192    -11.319
      5.370    416.078   -100.231    217.123     19.562    -54.126    -11.453
      5.380    416.272   -100.771    217.007     19.284    -54.059    -11.588
      5.390    416.464   -101.312    216.891     19.007    -53.991    -11.722
      5.400    416.653   -101.851    216.773     18.730    -53.924    -11.855
      5.410    416.838   -102.390    216.654     18.454    -53.856    -11.989
      5.420    417.022   -102.928    216.533     18.177    -53.788    -12.122
      5.430    417.202   -103.466    216.411     17.901    -53.720    -12.255
      5.440    417.380   -104.003    216.288     17.625    -53.651    -12.388
      5.450    417.555   -104.539    216.164     17.350    -53.582    -12.520
      5.460    417.727   -105.074    216.038     17.074    -53.513    -12.653
      5.470    417.896   -105.609    215.911     16.799    -53.444    -12.785
      5.480    418.063   -106.143    215.782     16.524    -53.374    -12.917
      5.490    418.226   -106.677    215.652     16.249    -53.304    -13.048
      5.500    418.388   -107.209    215.521     15.974    -53.234    -13.180
      5.510    418.546   -107.741    215.389     15.700    -53.163    -13.311
      5.520    418.702   -108.273    215.255     15.426    -53.093    -13.442
      5.530    418.854   -108.803    215.120     15.152    -53.022    -13.572
      5.540    419.005   -109.333    214.983     14.878    -52.950    -13.703
      5.550    419.152   -109.862    214.846     14.604    -52.879    -13.833
      5.560    419.297   -110.391    214.707     14.331    -52.807    -13.963
      5.570    419.439   -110.918    214.567     14.058    -52.735    -14.093
      5.580    419.578   -111.445    214.425     13.785    -52.663    -14.222
      5.590    419.714   -111.972    214.282     13.512    -52.590    -14.352
      5.600    419.848   -112.497    214.138     13.239    -52.517    -14.481
      5.610    419.979   -113.022    213.992     12.967    -52.444    -14.610
      5.620    420.107   -113.546    213.846     12.695    -52.371    -14.738
      5.630    420.233   -114.069    213.698     12.422    -52.297    -14.867
      5.640    420.356   -114.592    213.548     12.151    -52.223    -14.995
      5.650    420.476   -115.114    213.398     11.879    -52.149    -15.123
      5.660    420.593   -115.635    213.246     11.607    -52.074    -15.251
      5.670    420.708   -116.155    213.093     11.336    -51.999    -15.379
      5.680    420.820   -116.675    212.938     11.065    -51.924    -15.506
      5.690    420.929   -117.194    212.783     10.794    -51.849    -15.634
      5.700    421.036   -117.712    212.626     10.523    -51.773    -15.761
      5.710    421.140   -118.229    212.467     10.252    -51.698    -15.888
      5.720    421.241   -118.746    212.308      9.981    -51.621    -16.014
      5.730    421.340   -119.262    212.147      9.711    -51.545    -16.141
      5.740    421.435   -119.777    211.985      9.441    -51.468    -16.267
      5.750    421.528   -120.291    211.822      9.170    -51.391    -16.393
      5.760    421.619   -120.805    211.657      8.901    -51.314    -16.519
      5.770    421.706   -121.317    211.491      8.631    -51.237    -16.644
      5.780    421.791   -121.829    211.324      8.361    -51.159    -16.770
      5.790    421.874   -122.341    211.156      8.092    -51.081    -16.895
      5.800    421.953   -122.851    210.986      7.822    -51.003    -17.020
      5.810    422.030   -123.361    210.816      7.553    -50.924    -17.145
      5.820    422.104   -123.869    210.644      7.284    -50.845    -17.270
      5.830    422.176   -124.378    210.470      7.015    -50.766    -17.395
      5.840    422.245   -124.885    210.296      6.746    -50.687    -17.519
      5.850    422.311   -125.391    210.120      6.477    -50.607    -17.643
      5.860    422.374   -125.897    209.943      6.209    -50.527    -17.767
      5.870    422.435   -126.402    209.764      5.940    -50.447    -17.891
      5.880    422.493   -126.906    209.585      5.672    -50.367    -18.015
      5.890    422.548   -127.409    209.404      5.404    -50.286    -18.138
      5.900    422.601   -127.912    209.222      5.136    -50.205    -18.261
      5.910    422.651   -128.413    209.039      4.868    -50.124    -18.384
      5.920    422.698   -128.914    208.855      4.600    -50.042    -18.507
      5.930    422.743   -129.414    208.669      4.332    -49.960    -18.630
      5.940    422.785   -129.913    208.482      4.064    -49.878    -18.753
      5.950    422.824   -130.412    208.294      3.797    -49.796    -18.875
      5.960    422.861   -130.909    208.104      3.529    -49.713    -18.997
      5.970    422.895   -131.406    207.914      3.262    -49.630    -19.119
      5.980    422.926   -131.902    207.722      2.995    -49.547    -19.241
      5.990    422.955   -132.397    207.529      2.728    -49.464    -19.363
      6.000    422.981   -132.891    207.335      2.461    -49.380    -19.485
      6.010    423.004   -133.384    207.139      2.194    -49.296    -19.606
      6.020    423.025   -133.877    206.943      1.927    -49.212    -19.727
      6.030    423.042   -134.369    206.745      1.660    -49.127    -19.848
      6.040    423.058   -134.860    206.546      1.393    -49.042    -19.969
      6.050    423.070   -135.350    206.345      1.127    -48.957    -20.090
      6.060    423.080   -135.839    206.144      0.860    -48.872    -20.211
      6.070    423.088   -136.327    205.941      0.594    -48.786    -20.331
      6.080    423.092   -136.814    205.737      0.328    -48.700    -20.451
      6.090    423.094   -137.301    205.532      0.061    -48.614    -20.572
      6.100    423.093   -137.787    205.326     -0.205    -48.527    -20.692
      6.110    423.090   -138.272    205.118     -0.471    -48.441    -20.811
      6.120    423.084   -138.755    204.910     -0.737    -48.353    -20.931
      6.130    423.075   -139.239    204.700     -1.003    -48.266    -21.051
      6.140    423.064   -139.721    204.489     -1.269    -48.178    -21.170
      6.150    423.050   -140.202    204.276     -1.535    -48.090    -21.289
      6.160    423.033   -140.683    204.063     -1.801    -48.002    -21.408
      6.170    423.014   -141.162    203.848     -2.066    -47.914    -21.527
      6.180    422.992   -141.641    203.632     -2.332    -47.825    -21.646
      6.190    422.967   -142.119    203.415     -2.597    -47.736    -21.765
      6.200    422.940   -142.596    203.197     -2.863    -47.646    -21.883
      6.210    422.910   -143.072    202.978     -3.128    -47.557    -22.001
      6.220    422.877   -143.547    202.757     -3.394    -47.467    -22.120
      6.230    422.842   -144.021    202.535     -3.659    -47.377    -22.238
      6.240    422.804   -144.494    202.312     -3.925    -47.286    -22.356
      6.250    422.764   -144.967    202.088     -4.190    -47.195    -22.473
      6.260    422.720   -145.438    201.863     -4.455    -47.104    -22.591
      6.270    422.675   -145.909    201.636     -4.720    -47.013    -22.709
      6.280    422.626   -146.378    201.409     -4.986    -46.921    -22.826
      6.290    422.575   -146.847    201.180     -5.251    -46.829    -22.943
      6.300    422.521   -147.315    200.950     -5.516    -46.737    -23.060
      6.310    422.464   -147.782    200.718     -5.781    -46.644    -23.177
      6.320    422.405   -148.248    200.486     -6.046    -46.551    -23.294
      6.330    422.344   -148.713    200.253     -6.311    -46.458    -23.411
      6.340    422.279   -149.177    200.018     -6.576    -46.365    -23.527
      6.350    422.212   -149.640    199.782     -6.841    -46.271    -23.644
      6.360    422.142   -150.102    199.545     -7.106    -46.177    -23.760
      6.370    422.070   -150.564    199.307     -7.371    -46.083    -23.876
      6.380    421.995   -151.024    199.068     -7.636    -45.988    -23.993
      6.390    421.917   -151.484    198.827     -7.901    -45.893    -24.108
      6.400    421.837   -151.942    198.585     -8.165    -45.798    -24.224
      6.410    421.754   -152.399    198.343     -8.430    -45.702    -24.340
      6.420    421.668   -152.856    198.099     -8.695    -45.606    -24.456
      6.430    421.580   -153.312    197.853     -8.960    -45.510    -24.571
      6.440    421.489   -153.766    197.607     -9.225    -45.414    -24.686
      6.450    421.396   -154.220    197.360     -9.490    -45.317    -24.802
      6.460    421.299   -154.673    197.111     -9.755    -45.220    -24.917
      6.470    421.200   -155.124    196.861    -10.019    -45.122    -25.032
      6.480    421.099   -155.575    196.610    -10.284    -45.025    -25.147
      6.490    420.995   -156.025    196.358    -10.549    -44.927    -25.261
      6.500    420.888   -156.474    196.105    -10.814    -44.828    -25.376
      6.510    420.778   -156.921    195.851    -11.079    -44.730    -25.490
      6.520    420.666   -157.368    195.595    -11.344    -44.631    -25.605
      6.530    420.552   -157.814    195.339    -11.609    -44.532    -25.719
      6.540    420.434   -158.259    195.081    -11.873    -44.432    -25.833
      6.550    420.314   -158.703    194.822    -12.138    -44.332    -25.947
      6.560    420.191   -159.145    194.562    -12.403    -44.232    -26.061
      6.570    420.066   -159.587    194.301    -12.668    -44.131    -26.175
      6.580    419.938   -160.028    194.039    -12.933    -44.031    -26.289
      6.590    419.807   -160.468    193.775    -13.198    -43.929    -26.402
      6.600    419.674   -160.907    193.511    -13.463    -43.828    -26.516
      6.610    419.538   -161.344    193.245    -13.728    -43.726    -26.629
      6.620    419.399   -161.781    192.978    -13.994    -43.624    -26.743
      6.630    419.258   -162.217    192.710    -14.259    -43.522    -26.856
      6.640    419.114   -162.652    192.441    -14.524    -43.419    -26.969
      6.650    418.968   -163.085    192.171    -14.789    -43.316    -27.082
      6.660    418.819   -163.518    191.899    -15.054    -43.212    -27.195
      6.670    418.667   -163.949    191.627    -15.320    -43.109    -27.308
      6.680    418.512   -164.380    191.353    -15.585    -43.005    -27.420
      6.690    418.355   -164.810    191.078    -15.850    -42.900    -27.533
      6.700    418.195   -165.238    190.802    -16.116    -42.795    -27.645
      6.710    418.033   -165.665    190.525    -16.381    -42.690    -27.758
      6.720    417.868   -166.092    190.247    -16.647    -42.585    -27.870
      6.730    417.700   -166.517    189.968    -16.913    -42.479    -27.982
      6.740    417.529   -166.941    189.688    -17.178    -42.373    -28.094
      6.750    417.356   -167.365    189.406    -17.444    -42.267    -28.206
      6.760    417.180   -167.787    189.123    -17.710    -42.160    -28.318
      6.770    417.002   -168.208    188.840    -17.976    -42.053    -28.430
      6.780    416.821   -168.628    188.555    -18.242    -41.946    -28.542
      6.790    416.637   -169.047    188.269    -18.507    -41.838    -28.653
      6.800    416.451   -169.465    187.982    -18.774    -41.730    -28.765
      6.810    416.262   -169.881    187.694    -19.040    -41.621    -28.876
      6.820    416.070   -170.297    187.404    -19.306    -41.512    -28.988
      6.830    415.876   -170.712    187.114    -19.572    -41.403    -29.099
      6.840    415.678   -171.125    186.822    -19.839    -41.294    -29.210
      6.850    415.479   -171.537    186.530    -20.105    -41.184    -29.321
      6.860    415.276   -171.949    186.236    -20.371    -41.074    -29.432
      6.870    415.071   -172.359    185.941    -20.638    -40.963    -29.543
      6.880    414.864   -172.768    185.645    -20.905    -40.852    -29.654
      6.890    414.653   -173.176    185.348    -21.172    -40.741    -29.765
      6.900    414.440   -173.583    185.050    -21.438    -40.629    -29.875
      6.910    414.224   -173.989    184.750    -21.705    -40.517    -29.986
      6.920    414.006   -174.393    184.450    -21.973    -40.405    -30.097
      6.930    413.785   -174.797    184.148    -22.240    -40.292    -30.207
      6.940    413.561   -175.199    183.846    -22.507    -40.179    -30.317
      6.950    413.335   -175.600    183.542    -22.774    -40.066    -30.428
      6.960    413.106   -176.000    183.237    -23.042    -39.952    -30.538
      6.970    412.874   -176.399    182.931    -23.309    -39.838    -30.648
      6.980    412.640   -176.797    182.624    -23.577    -39.723    -30.758
      6.990    412.402   -177.194    182.316    -23.845    -39.609    -30.868
      7.000    412.163   -177.589    182.007    -24.113    -39.493    -30.978
      7.010    411.920   -177.984    181.697    -24.381    -39.378    -31.088
      7.020    411.675   -178.377    181.385    -24.649    -39.262    -31.197
      7.030    411.427   -178.769    181.073    -24.917    -39.145    -31.307
      7.040    411.177   -179.160    180.759    -25.186    -39.028    -31.416
      7.050    410.924   -179.549    180.444    -25.454    -38.911    -31.526
      7.060    410.668   -179.938    180.129    -25.723    -38.794    -31.635
      7.070    410.409   -180.325    179.812    -25.992    -38.676    -31.745
      7.080    410.148   -180.711    179.494    -26.261    -38.557    -31.854
      7.090    409.884   -181.096    179.175    -26.530    -38.439    -31.963
      7.100    409.617   -181.480    178.854    -26.799    -38.320    -32.072
      7.110    409.348   -181.863    178.533    -27.068    -38.200    -32.181
      7.120    409.076   -182.244    178.211    -27.338    -38.080    -32.291
      7.130    408.801   -182.624    177.887    -27.607    -37.960    -32.399
      7.140    408.524   -183.003    177.563    -27.877    -37.839    -32.508
      7.150    408.244   -183.381    177.237    -28.147    -37.718    -32.617
      7.160    407.961   -183.758    176.910    -28.417    -37.597    -32.726
      7.170    407.675   -184.133    176.583    -28.687    -37.475    -32.835
      7.180    407.387   -184.507    176.254    -28.957    -37.353    -32.943
      7.190    407.096   -184.880    175.924    -29.228    -37.230    -33.052
      7.200    406.802   -185.252    175.593    -29.499    -37.107    -33.160
      7.210    406.506   -185.622    175.261    -29.770    -36.983    -33.269
      7.220    406.207   -185.992    174.927    -30.041    -36.859    -33.377
      7.230    405.905   -186.360    174.593    -30.312    -36.735    -33.485
      7.240    405.601   -186.726    174.258    -30.583    -36.610    -33.594
      7.250    405.294   -187.092    173.921    -30.855    -36.485    -33.702
      7.260    404.984   -187.456    173.584    -31.126    -36.360    -33.810
      7.270    404.671   -187.819    173.245    -31.398    -36.234    -33.918
      7.280    404.356   -188.181    172.905    -31.670    -36.107    -34.026
      7.290    404.038   -188.541    172.564    -31.942    -35.980    -34.134
      7.300    403.717   -188.900    172.223    -32.215    -35.853    -34.242
      7.310    403.393   -189.258    171.880    -32.487    -35.725    -34.350
      7.320    403.067   -189.615    171.536    -32.760    -35.597    -34.457
      7.330    402.738   -189.970    171.190    -33.033    -35.469    -34.565
      7.340    402.407   -190.324    170.844    -33.306    -35.339    -34.673
      7.350    402.072   -190.677    170.497    -33.580    -35.210    -34.781
      7.360    401.735   -191.028    170.149    -33.853    -35.080    -34.888
      7.370    401.395   -191.378    169.799    -34.127    -34.950    -34.996
      7.380    401.052   -191.727    169.449    -34.401    -34.819    -35.103
      7.390    400.707   -192.075    169.097    -34.675    -34.688    -35.210
      7.400    400.359   -192.421    168.745    -34.949    -34.556    -35.318
      7.410    400.008   -192.766    168.391    -35.224    -34.424    -35.425
      7.420    399.654   -193.110    168.036    -35.499    -34.291    -35.532
      7.430    399.298   -193.452    167.680    -35.774    -34.158    -35.640
      7.440    398.939   -193.793    167.323    -36.049    -34.025    -35.747
      7.450    398.577   -194.132    166.965    -36.325    -33.891    -35.854
      7.460    398.212   -194.470    166.606    -36.600    -33.756    -35.961
      7.470    397.845   -194.807    166.246    -36.876    -33.621    -36.068
      7.480    397.475   -195.143    165.885    -37.152    -33.486    -36.175
      7.490    397.102   -195.477    165.523    -37.429    -33.350    -36.282
      7.500    396.726   -195.810    165.159    -37.705    -33.214    -36.389
      7.510    396.348   -196.141    164.795    -37.982    -33.077    -36.496
      7.520    395.967   -196.471    164.429    -38.259    -32.940    -36.603
      7.530    395.583   -196.800    164.063    -38.537    -32.802    -36.709
      7.540    395.196   -197.127    163.695    -38.814    -32.664    -36.816
      7.550    394.806   -197.453    163.326    -39.092    -32.525    -36.923
      7.560    394.414   -197.778    162.957    -39.370    -32.386    -37.029
      7.570    394.019   -198.101    162.586    -39.648    -32.246    -37.136
      7.580    393.621   -198.423    162.214    -39.927    -32.106    -37.243
      7.590    393.220   -198.743    161.841    -40.206    -31.965    -37.349
      7.600    392.817   -199.062    161.467    -40.485    -31.824    -37.456
      7.610    392.411   -199.380    161.092    -40.764    -31.682    -37.562
      7.620    392.002   -199.696    160.716    -41.044    -31.540    -37.669
      7.630    391.590   -200.010    160.338    -41.324    -31.397    -37.775
      7.640    391.175   -200.324    159.960    -41.604    -31.253    -37.881
      7.650    390.758   -200.636    159.581    -41.884    -31.110    -37.988
      7.660    390.338   -200.946    159.200    -42.165    -30.965    -38.094
      7.670    389.915   -201.255    158.819    -42.446    -30.820    -38.200
      7.680    389.489   -201.562    158.436    -42.727    -30.675    -38.306
      7.690    389.060   -201.868    158.053    -43.009    -30.529    -38.413
      7.700    388.628   -202.173    157.668    -43.291    -30.383    -38.519
      7.710    388.194   -202.476    157.282    -43.573    -30.236    -38.625
      7.720    387.757   -202.778    156.896    -43.855    -30.088    -38.731
      7.730    387.317   -203.078    156.508    -44.138    -29.940    -38.837
      7.740    386.874   -203.376    156.119    -44.421    -29.792    -38.943
      7.750    386.429   -203.674    155.729    -44.705    -29.642    -39.049
      7.760    385.980   -203.969    155.338    -44.988    -29.493    -39.155
      7.770    385.529   -204.263    154.946    -45.272    -29.342    -39.261
      7.780    385.075   -204.556    154.553    -45.557    -29.192    -39.367
      7.790    384.618   -204.847    154.159    -45.841    -29.040    -39.473
      7.800    384.158   -205.137    153.763    -46.126    -28.888    -39.578
      7.810    383.695   -205.425    153.367    -46.411    -28.736    -39.684
      7.820    383.230   -205.712    152.970    -46.697    -28.583    -39.790
      7.830    382.761   -205.997    152.571    -46.983    -28.429    -39.896
      7.840    382.290   -206.280    152.172    -47.269    -28.275    -40.001
      7.850    381.816   -206.562    151.771    -47.556    -28.120    -40.107
      7.860    381.339   -206.843    151.370    -47.842    -27.965    -40.213
      7.870    380.859   -207.121    150.967    -48.130    -27.809    -40.319
      7.880    380.376   -207.399    150.563    -48.417    -27.652    -40.424
      7.890    379.891   -207.675    150.158    -48.705    -27.495    -40.530
      7.900    379.402   -207.949    149.753    -48.993    -27.337    -40.635
      7.910    378.911   -208.221    149.346    -49.282    -27.179    -40.741
      7.920    378.417   -208.492    148.938    -49.571    -27.020    -40.846
      7.930    377.919   -208.762    148.529    -49.860    -26.860    -40.952
      7.940    377.419   -209.029    148.119    -50.150    -26.700    -41.058
      7.950    376.916   -209.296    147.708    -50.440    -26.539    -41.163
      7.960    376.411   -209.560    147.295    -50.731    -26.377    -41.268
      7.970    375.902   -209.823    146.882    -51.022    -26.215    -41.374
      7.980    375.390   -210.085    146.468    -51.313    -26.052    -41.479
      7.990    374.876   -210.344    146.053    -51.604    -25.889    -41.585
      8.000    374.358   -210.602    145.636    -51.896    -25.725    -41.690
      8.010    373.838   -210.859    145.219    -52.189    -25.560    -41.795
      8.020    373.314   -211.113    144.800    -52.481    -25.395    -41.901
      8.030    372.788   -211.367    144.381    -52.775    -25.229    -42.006
      8.040    372.259   -211.618    143.960    -53.068    -25.062    -42.112
      8.050    371.727   -211.868    143.539    -53.362    -24.895    -42.217
      8.060    371.192   -212.116    143.116    -53.656    -24.727    -42.322
      8.070    370.653   -212.362    142.692    -53.951    -24.558    -42.427
      8.080    370.112   -212.607    142.267    -54.246    -24.389    -42.533
      8.090    369.569   -212.850    141.842    -54.542    -24.219    -42.638
      8.100    369.022   -213.092    141.415    -54.838    -24.048    -42.743
      8.110    368.472   -213.331    140.987    -55.134    -23.877    -42.848
      8.120    367.919   -213.569    140.558    -55.431    -23.705    -42.954
      8.130    367.363   -213.805    140.128    -55.728    -23.532    -43.059
      8.140    366.804   -214.040    139.696    -56.026    -23.359    -43.164
      8.150    366.243   -214.272    139.264    -56.324    -23.184    -43.269
      8.160    365.678   -214.503    138.831    -56.623    -23.009    -43.374
      8.170    365.110   -214.733    138.397    -56.922    -22.834    -43.479
      8.180    364.539   -214.960    137.962    -57.221    -22.657    -43.585
      8.190    363.966   -215.186    137.525    -57.521    -22.480    -43.690
      8.200    363.389   -215.410    137.088    -57.822    -22.302    -43.795
      8.210    362.809   -215.632    136.649    -58.123    -22.124    -43.900
      8.220    362.227   -215.852    136.210    -58.424    -21.945    -44.005
      8.230    361.641   -216.071    135.769    -58.726    -21.764    -44.110
      8.240    361.052   -216.287    135.328    -59.028    -21.584    -44.215
      8.250    360.460   -216.502    134.885    -59.331    -21.402    -44.320
      8.260    359.865   -216.715    134.441    -59.634    -21.220    -44.425
      8.270    359.268   -216.927    133.996    -59.938    -21.037    -44.530
      8.280    358.667   -217.136    133.551    -60.242    -20.853    -44.635
      8.290    358.063   -217.344    133.104    -60.547    -20.668    -44.740
      8.300    357.456   -217.550    132.656    -60.852    -20.482    -44.845
      8.310    356.846   -217.753    132.207    -61.157    -20.296    -44.951
      8.320    356.233   -217.955    131.757    -61.464    -20.109    -45.056
      8.330    355.616   -218.156    131.306    -61.770    -19.921    -45.161
      8.340    354.997   -218.354    130.853    -62.077    -19.732    -45.266
      8.350    354.375   -218.550    130.400    -62.385    -19.543    -45.371
      8.360    353.749   -218.745    129.946    -62.693    -19.353    -45.476
      8.370    353.121   -218.937    129.491    -63.002    -19.161    -45.581
      8.380    352.489   -219.128    129.034    -63.312    -18.969    -45.686
      8.390    351.855   -219.317    128.577    -63.621    -18.777    -45.791
      8.400    351.217   -219.503    128.119    -63.932    -18.583    -45.896
      8.410    350.576   -219.688    127.659    -64.243    -18.388    -46.001
      8.420    349.932   -219.871    127.199    -64.554    -18.193    -46.106
      8.430    349.285   -220.052    126.737    -64.866    -17.996    -46.211
      8.440    348.635   -220.231    126.274    -65.179    -17.799    -46.316
      8.450    347.981   -220.408    125.811    -65.492    -17.601    -46.420
      8.460    347.325   -220.583    125.346    -65.806    -17.402    -46.525
      8.470    346.665   -220.756    124.880    -66.120    -17.202    -46.630
      8.480    346.003   -220.927    124.413    -66.435    -17.002    -46.735
      8.490    345.337   -221.096    123.946    -66.750    -16.800    -46.840
      8.500    344.668   -221.263    123.477    -67.066    -16.597    -46.945
      8.510    343.995   -221.428    123.007    -67.383    -16.394    -47.050
      8.520    343.320   -221.591    122.536    -67.700    -16.189    -47.155
      8.530    342.641   -221.752    122.064    -68.018    -15.984    -47.260
      8.540    341.960   -221.911    121.590    -68.336    -15.777    -47.365
      8.550    341.275   -222.067    121.116    -68.655    -15.570    -47.470
      8.560    340.586   -222.222    120.641    -68.975    -15.362    -47.575
      8.570    339.895   -222.375    120.165    -69.295    -15.153    -47.680
      8.580    339.201   -222.525    119.687    -69.616    -14.942    -47.785
      8.590    338.503   -222.674    119.209    -69.938    -14.731    -47.890
      8.600    337.802   -222.820    118.730    -70.260    -14.519    -47.995
      8.610    337.098   -222.964    118.249    -70.583    -14.306    -48.100
      8.620    336.390   -223.106    117.768    -70.906    -14.091    -48.205
      8.630    335.679   -223.246    117.285    -71.230    -13.876    -48.310
      8.640    334.966   -223.383    116.801    -71.555    -13.660    -48.415
      8.650    334.248   -223.519    116.317    -71.881    -13.443    -48.520
      8.660    333.528   -223.652    115.831    -72.207    -13.224    -48.625
      8.670    332.804   -223.783    115.344    -72.533    -13.005    -48.730
      8.680    332.077   -223.912    114.856    -72.861    -12.784    -48.835
      8.690    331.347   -224.039    114.368    -73.189    -12.563    -48.940
      8.700    330.613   -224.164    113.878    -73.518    -12.340    -49.045
      8.710    329.877   -224.286    113.387    -73.847    -12.116    -49.150
      8.720    329.136   -224.406    112.895    -74.178    -11.892    -49.254
      8.730    328.393   -224.524    112.402    -74.508    -11.666    -49.359
      8.740    327.646   -224.639    111.907    -74.840    -11.439    -49.464
      8.750    326.896   -224.752    111.412    -75.173    -11.210    -49.569
      8.760    326.143   -224.863    110.916    -75.506    -10.981    -49.674
      8.770    325.386   -224.972    110.419    -75.839    -10.751    -49.779
      8.780    324.626   -225.078    109.920    -76.174    -10.519    -49.884
      8.790    323.863   -225.182    109.421    -76.509    -10.286    -49.989
      8.800    323.096   -225.284    108.921    -76.845    -10.052    -50.094
      8.810    322.326   -225.384    108.419    -77.182     -9.817    -50.199
      8.820    321.552   -225.480    107.917    -77.520     -9.581    -50.304
      8.830    320.775   -225.575    107.413    -77.858     -9.343    -50.409
      8.840    319.995   -225.667    106.909    -78.197     -9.104    -50.514
      8.850    319.211   -225.757    106.403    -78.537     -8.864    -50.619
      8.860    318.424   -225.845    105.896    -78.878     -8.623    -50.724
      8.870    317.634   -225.930    105.388    -79.219     -8.380    -50.829
      8.880    316.840   -226.012    104.880    -79.562     -8.136    -50.934
      8.890    316.043   -226.092    104.370    -79.905     -7.891    -51.039
      8.900    315.242   -226.170    103.859    -80.249     -7.645    -51.144
      8.910    314.438   -226.245    103.347    -80.593     -7.397    -51.249
      8.920    313.630   -226.318    102.834    -80.939     -7.148    -51.354
      8.930    312.819   -226.388    102.320    -81.285     -6.898    -51.459
      8.940    312.004   -226.456    101.805    -81.632     -6.646    -51.564
      8.950    311.186   -226.521    101.288    -81.981     -6.393    -51.669
      8.960    310.365   -226.584    100.771    -82.329     -6.139    -51.773
      8.970    309.540   -226.644    100.253    -82.679     -5.883    -51.878
      8.980    308.711   -226.701     99.734    -83.030     -5.626    -51.983
      8.990    307.879   -226.756     99.213    -83.381     -5.368    -52.088
      9.000    307.043   -226.809     98.692    -83.734     -5.108    -52.193
      9.010    306.204   -226.859     98.169    -84.087     -4.846    -52.298
      9.020    305.362   -226.906     97.646    -84.441     -4.583    -52.403
      9.030    304.515   -226.950     97.121    -84.796     -4.319    -52.508
      9.040    303.666   -226.992     96.596    -85.153     -4.053    -52.613
      9.050    302.812   -227.031     96.069    -85.509     -3.786    -52.718
      9.060    301.956   -227.068     95.541    -85.867     -3.517    -52.822
      9.070    301.095   -227.102     95.013    -86.226     -3.247    -52.927
      9.080    300.231   -227.133     94.483    -86.586     -2.975    -53.032
      9.090    299.363   -227.161     93.952    -86.947     -2.702    -53.137
      9.100    298.492   -227.187     93.420    -87.308     -2.427    -53.242
      9.110    297.617   -227.210     92.887    -87.671     -2.151    -53.346
      9.120    296.739   -227.230     92.353    -88.035     -1.873    -53.451
      9.130    295.856   -227.247     91.818    -88.399     -1.593    -53.556
      9.140    294.971   -227.262     91.282    -88.765     -1.312    -53.661
      9.150    294.081   -227.273     90.745    -89.131     -1.029    -53.765
      9.160    293.188   -227.282     90.207    -89.499     -0.745    -53.870
      9.170    292.291   -227.288     89.668    -89.868     -0.458    -53.975
      9.180    291.391   -227.291     89.127    -90.237     -0.170    -54.079
      9.190    290.486   -227.292     88.586    -90.608      0.119    -54.184
      9.200    289.579   -227.289     88.044    -90.980      0.410    -54.289
      9.210    288.667   -227.283     87.500    -91.352      0.703    -54.393
      9.220    287.751   -227.275     86.956    -91.726      0.998    -54.498
      9.230    286.832   -227.263     86.410    -92.101      1.295    -54.602
      9.240    285.909   -227.249     85.864    -92.477      1.593    -54.707
      9.250    284.983   -227.232     85.316    -92.854      1.893    -54.811
      9.260    284.052   -227.211     84.767    -93.233      2.195    -54.916
      9.270    283.118   -227.188     84.218    -93.612      2.499    -55.020
      9.280    282.180   -227.161     83.667    -93.992      2.805    -55.125
      9.290    281.238   -227.132     83.115    -94.374      3.113    -55.229
      9.300    280.293   -227.099     82.563    -94.756      3.422    -55.333
      9.310    279.343   -227.063     82.009    -95.140      3.734    -55.437
      9.320    278.390   -227.024     81.454    -95.525      4.047    -55.542
      9.330    277.433   -226.982     80.898    -95.911      4.363    -55.646
      9.340    276.472   -226.937     80.341    -96.299      4.680    -55.750
      9.350    275.507   -226.889     79.783    -96.687      5.000    -55.854
      9.360    274.538   -226.837     79.224    -97.077      5.321    -55.958
      9.370    273.565   -226.782     78.664    -97.468      5.645    -56.062
      9.380    272.588   -226.724     78.103    -97.860      5.970    -56.166
      9.390    271.608   -226.663     77.540    -98.253      6.298    -56.270
      9.400    270.623   -226.598     76.977    -98.648      6.628    -56.374
      9.410    269.635   -226.530     76.413    -99.044      6.960    -56.478
      9.420    268.642   -226.459     75.848    -99.441      7.294    -56.581
      9.430    267.646   -226.384     75.281    -99.839      7.630    -56.685
      9.440    266.646   -226.306     74.714   -100.239      7.969    -56.788
      9.450    265.641   -226.225     74.145   -100.640      8.310    -56.892
      9.460    264.633   -226.140     73.576   -101.042      8.653    -56.995
      9.470    263.620   -226.052     73.006   -101.446      8.998    -57.099
      9.480    262.604   -225.960     72.434   -101.851      9.346    -57.202
      9.490    261.583   -225.865     71.862   -102.257      9.696    -57.305
      9.500    260.559   -225.766     71.288   -102.665     10.049    -57.408
      9.510    259.530   -225.664     70.713   -103.074     10.404    -57.511
      9.520    258.497   -225.558     70.138   -103.484     10.761    -57.614
      9.530    257.460   -225.449     69.561   -103.896     11.121    -57.717
      9.540    256.419   -225.336     68.983   -104.309     11.484    -57.820
      9.550    255.374   -225.219     68.405   -104.723     11.849    -57.923
      9.560    254.325   -225.099     67.825   -105.139     12.216    -58.025
      9.570    253.271   -224.975     67.244   -105.557     12.586    -58.128
      9.580    252.214   -224.847     66.662   -105.975     12.959    -58.230
      9.590    251.152   -224.715     66.080   -106.396     13.334    -58.332
      9.600    250.086   -224.580     65.496   -106.818     13.712    -58.434
      9.610    249.016   -224.441     64.911   -107.241     14.093    -58.536
      9.620    247.941   -224.298     64.325   -107.666     14.477    -58.638
      9.630    246.862   -224.152     63.738   -108.092     14.863    -58.740
      9.640    245.779   -224.001     63.150   -108.520     15.252    -58.842
      9.650    244.692   -223.846     62.561   -108.949     15.644    -58.943
      9.660    243.600   -223.688     61.971   -109.380     16.039    -59.045
      9.670    242.504   -223.526     61.380   -109.812     16.437    -59.146
      9.680    241.404   -223.359     60.788   -110.247     16.838    -59.247
      9.690    240.299   -223.189     60.195   -110.682     17.242    -59.348
      9.700    239.190   -223.014     59.601   -111.119     17.649    -59.448
      9.710    238.077   -222.836     59.006   -111.558     18.059    -59.549
      9.720    236.959   -222.653     58.410   -111.999     18.472    -59.649
      9.730    235.837   -222.466     57.813   -112.441     18.888    -59.749
      9.740    234.710   -222.275     57.216   -112.885     19.308    -59.849
      9.750    233.579   -222.080     56.617   -113.331     19.731    -59.949
      9.760    232.444   -221.881     56.017   -113.778     20.157    -60.049
      9.770    231.304   -221.677     55.416   -114.227     20.586    -60.148
      9.780    230.159   -221.469     54.814   -114.677     21.019    -60.247
      9.790    229.010   -221.257     54.211   -115.130     21.455    -60.346
      9.800    227.857   -221.040     53.607   -115.584     21.895    -60.445
      9.810    226.698   -220.819     53.002   -116.040     22.338    -60.544
      9.820    225.536   -220.593     52.396   -116.498     22.785    -60.642
      9.830    224.368   -220.363     51.789   -116.957     23.235    -60.740
      9.840    223.197   -220.129     51.181   -117.419     23.689    -60.838
      9.850    222.020   -219.889     50.572   -117.882     24.147    -60.935
      9.860    220.839   -219.646     49.962   -118.347     24.609    -61.032
      9.870    219.653   -219.397     49.351   -118.814     25.074    -61.129
      9.880    218.463   -219.144     48.740   -119.283     25.544    -61.226
      9.890    217.267   -218.886     48.127   -119.754     26.017    -61.322
      9.900    216.068   -218.624     47.513   -120.227     26.494    -61.418
      9.910    214.863   -218.356     46.899   -120.701     26.975    -61.514
      9.920    213.654   -218.084     46.283   -121.178     27.461    -61.609
      9.930    212.439   -217.807     45.666   -121.656     27.951    -61.704
      9.940    211.220   -217.525     45.049   -122.137     28.444    -61.799
      9.950    209.997   -217.238     44.430   -122.620     28.942    -61.894
      9.960    208.768   -216.946     43.811   -123.104     29.445    -61.987
      9.970    207.535   -216.649     43.191   -123.591     29.952    -62.081
      9.980    206.296   -216.347     42.569   -124.080     30.463    -62.174
      9.990    205.053   -216.040     41.947   -124.570     30.979    -62.267
     10.000    203.805   -215.728     41.324   -125.063     31.500    -62.359
     10.010    202.552   -215.410     40.700   -125.558     32.025    -62.451
